  
-1.05
      -180.000000       0.039583
      -175.000000       0.135881
      -170.000000       0.131182
      -165.000000       0.118481
      -160.000000       0.065053
      -155.000000       0.012020
      -150.000000      -0.012782
      -145.000000      -0.032120
      -140.000000      -0.047721
      -135.000000      -0.058692
      -130.000000      -0.079128
      -125.000000      -0.098935
      -120.000000      -0.089627
      -115.000000      -0.077848
      -110.000000      -0.087574
      -105.000000      -0.099269
      -100.000000      -0.095672
       -95.000000      -0.092181
       -90.000000      -0.090301
       -85.000000      -0.089739
       -80.000000      -0.075585
       -75.000000      -0.066892
       -70.000000      -0.053133
       -65.000000      -0.045085
       -60.000000      -0.064672
       -55.000000      -0.091756
       -50.000000      -0.140313
       -45.000000      -0.198690
       -40.000000      -0.205686
       -35.000000      -0.219034
       -30.000000      -0.190091
       -25.000000      -0.104477
       -20.000000      -0.020944
       -15.000000       0.062733
       -10.000000       0.110505
        -5.000000       0.141227
         0.000000       0.161783
         5.000000       0.176511
        10.000000       0.186028
        15.000000       0.195008
        20.000000       0.168354
        25.000000       0.145155
        30.000000       0.120042
        35.000000       0.099847
        40.000000       0.083948
        45.000000       0.071472
        50.000000       0.072522
        55.000000       0.075843
        60.000000       0.066026
        65.000000       0.060358
        70.000000       0.059557
        75.000000       0.062450
        80.000000       0.047420
        85.000000       0.033973
        90.000000       0.022495
        95.000000       0.013032
       100.000000      -0.029927
       105.000000      -0.070438
       110.000000      -0.104629
       115.000000      -0.132893
       120.000000      -0.192292
       125.000000      -0.248988
       130.000000      -0.319371
       135.000000      -0.383738
       140.000000      -0.413717
       145.000000      -0.427944
       150.000000      -0.297742
       155.000000      -0.149166
       160.000000      -0.112828
       165.000000      -0.058608
       170.000000      -0.064199
       175.000000      -0.053489
       180.000000       0.039583
  
  
-.90
      -180.000000       0.031074
      -175.000000       0.128888
      -170.000000       0.158768
      -165.000000       0.147573
      -160.000000       0.110564
      -155.000000       0.058825
      -150.000000       0.027555
      -145.000000       0.009370
      -140.000000      -0.005186
      -135.000000      -0.015248
      -130.000000      -0.029996
      -125.000000      -0.048553
      -120.000000      -0.047506
      -115.000000      -0.035234
      -110.000000      -0.037393
      -105.000000      -0.048713
      -100.000000      -0.050077
       -95.000000      -0.046648
       -90.000000      -0.044865
       -85.000000      -0.044441
       -80.000000      -0.036046
       -75.000000      -0.027662
       -70.000000      -0.018225
       -65.000000      -0.010258
       -60.000000      -0.022412
       -55.000000      -0.048761
       -50.000000      -0.090940
       -45.000000      -0.147929
       -40.000000      -0.174247
       -35.000000      -0.187213
       -30.000000      -0.176840
       -25.000000      -0.115682
       -20.000000      -0.043188
       -15.000000       0.037041
       -10.000000       0.085457
        -5.000000       0.112289
         0.000000       0.122999
         5.000000       0.135840
        10.000000       0.139794
        15.000000       0.148031
        20.000000       0.138317
        25.000000       0.103790
        30.000000       0.080047
        35.000000       0.058913
        40.000000       0.042155
        45.000000       0.028606
        50.000000       0.024797
        55.000000       0.027003
        60.000000       0.021122
        65.000000       0.014400
        70.000000       0.012449
        75.000000       0.014118
        80.000000       0.005146
        85.000000      -0.009110
        90.000000      -0.021064
        95.000000      -0.031398
       100.000000      -0.062648
       105.000000      -0.103289
       110.000000      -0.137705
       115.000000      -0.166287
       120.000000      -0.213150
       125.000000      -0.269311
       130.000000      -0.332310
       135.000000      -0.396514
       140.000000      -0.434223
       145.000000      -0.447749
       150.000000      -0.362386
       155.000000      -0.214787
       160.000000      -0.137297
       165.000000      -0.082396
       170.000000      -0.055943
       175.000000      -0.042724
       180.000000       0.031073
  
  
-.75
      -180.000000       0.022132
      -175.000000       0.121297
      -170.000000       0.185179
      -165.000000       0.175422
      -160.000000       0.154790
      -155.000000       0.104330
      -150.000000       0.066940
      -145.000000       0.049876
      -140.000000       0.036355
      -135.000000       0.027213
      -130.000000       0.018203
      -125.000000       0.000837
      -120.000000      -0.005627
      -115.000000       0.007120
      -110.000000       0.012515
      -105.000000       0.001562
      -100.000000      -0.004284
       -95.000000      -0.000919
       -90.000000       0.000764
       -85.000000       0.001047
       -80.000000       0.004388
       -75.000000       0.012394
       -70.000000       0.017423
       -65.000000       0.025211
       -60.000000       0.019938
       -55.000000      -0.005833
       -50.000000      -0.041546
       -45.000000      -0.097397
       -40.000000      -0.141735
       -35.000000      -0.154512
       -30.000000      -0.162070
       -25.000000      -0.128305
       -20.000000      -0.054684
       -15.000000       0.014536
       -10.000000       0.065503
        -5.000000       0.087541
         0.000000       0.091134
         5.000000       0.095954
        10.000000       0.098446
        15.000000       0.101969
        20.000000       0.106103
        25.000000       0.063221
        30.000000       0.040015
        35.000000       0.018099
        40.000000       0.000640
        45.000000      -0.013843
        50.000000      -0.022385
        55.000000      -0.021182
        60.000000      -0.023759
        65.000000      -0.031372
        70.000000      -0.034317
        75.000000      -0.033722
        80.000000      -0.037044
        85.000000      -0.052000
        90.000000      -0.064326
        95.000000      -0.075434
       100.000000      -0.095929
       105.000000      -0.136620
       110.000000      -0.171171
       115.000000      -0.199974
       120.000000      -0.234971
       125.000000      -0.290567
       130.000000      -0.346163
       135.000000      -0.410105
       140.000000      -0.456411
       145.000000      -0.469131
       150.000000      -0.426814
       155.000000      -0.280030
       160.000000      -0.165307
       165.000000      -0.109407
       170.000000      -0.051680
       175.000000      -0.035884
       180.000000       0.022132
  
  
-.60
      -180.000000       0.012848
      -175.000000       0.113195
      -170.000000       0.210468
      -165.000000       0.202072
      -160.000000       0.197761
      -155.000000       0.148552
      -150.000000       0.105405
      -145.000000       0.089422
      -140.000000       0.076915
      -135.000000       0.068692
      -130.000000       0.065518
      -125.000000       0.049275
      -120.000000       0.036025
      -115.000000       0.049228
      -110.000000       0.062160
      -105.000000       0.051567
      -100.000000       0.041710
       -95.000000       0.045012
       -90.000000       0.046592
       -85.000000       0.046731
       -80.000000       0.045743
       -75.000000       0.053310
       -70.000000       0.053855
       -65.000000       0.061372
       -60.000000       0.062467
       -55.000000       0.037113
       -50.000000       0.007998
       -45.000000      -0.046963
       -40.000000      -0.108069
       -35.000000      -0.120836
       -30.000000      -0.145687
       -25.000000      -0.127715
       -20.000000      -0.063577
       -15.000000      -0.004893
       -10.000000       0.050048
        -5.000000       0.067314
         0.000000       0.067993
         5.000000       0.062924
        10.000000       0.058866
        15.000000       0.057057
        20.000000       0.059267
        25.000000       0.023334
        30.000000      -0.000133
        35.000000      -0.022679
        40.000000      -0.040678
        45.000000      -0.055954
        50.000000      -0.069096
        55.000000      -0.068777
        60.000000      -0.068701
        65.000000      -0.077046
        70.000000      -0.080826
        75.000000      -0.081153
        80.000000      -0.079211
        85.000000      -0.094758
        90.000000      -0.107349
        95.000000      -0.119131
       100.000000      -0.129801
       105.000000      -0.170473
       110.000000      -0.205076
       115.000000      -0.234007
       120.000000      -0.257760
       125.000000      -0.312769
       130.000000      -0.360967
       135.000000      -0.424560
       140.000000      -0.480306
       145.000000      -0.492135
       150.000000      -0.491120
       155.000000      -0.344984
       160.000000      -0.196949
       165.000000      -0.139782
       170.000000      -0.051368
       175.000000      -0.032976
       180.000000       0.012848
  
  
-.45
      -180.000000       0.014073
      -175.000000       0.104672
      -170.000000       0.203089
      -165.000000       0.227568
      -160.000000       0.224513
      -155.000000       0.191514
      -150.000000       0.149497
      -145.000000       0.128035
      -140.000000       0.116512
      -135.000000       0.109198
      -130.000000       0.106832
      -125.000000       0.096802
      -120.000000       0.084563
      -115.000000       0.091105
      -110.000000       0.104433
      -105.000000       0.101311
      -100.000000       0.091742
       -95.000000       0.091147
       -90.000000       0.092625
       -85.000000       0.092618
       -80.000000       0.091438
       -75.000000       0.095118
       -70.000000       0.095235
       -65.000000       0.098274
       -60.000000       0.099097
       -55.000000       0.080162
       -50.000000       0.051411
       -45.000000       0.003504
       -40.000000      -0.056760
       -35.000000      -0.086096
       -30.000000      -0.110878
       -25.000000      -0.109881
       -20.000000      -0.065075
       -15.000000      -0.020627
       -10.000000       0.031952
        -5.000000       0.050335
         0.000000       0.047350
         5.000000       0.030646
        10.000000       0.022600
        15.000000       0.013822
        20.000000       0.013490
        25.000000      -0.006252
        30.000000      -0.040554
        35.000000      -0.063504
        40.000000      -0.082080
        45.000000      -0.097805
        50.000000      -0.111660
        55.000000      -0.115850
        60.000000      -0.116554
        65.000000      -0.122707
        70.000000      -0.127164
        75.000000      -0.128259
        80.000000      -0.127157
        85.000000      -0.137444
        90.000000      -0.150568
        95.000000      -0.162547
       100.000000      -0.173812
       105.000000      -0.204885
       110.000000      -0.239464
       115.000000      -0.268434
       120.000000      -0.292295
       125.000000      -0.335927
       130.000000      -0.383568
       135.000000      -0.439923
       140.000000      -0.495345
       145.000000      -0.516800
       150.000000      -0.514994
       155.000000      -0.409737
       160.000000      -0.262290
       165.000000      -0.173642
       170.000000      -0.084260
       175.000000      -0.033990
       180.000000       0.014073
  
  
-.30
      -180.000000       0.011427
      -175.000000       0.095815
      -170.000000       0.195211
      -165.000000       0.251963
      -160.000000       0.250085
      -155.000000       0.233242
      -150.000000       0.192328
      -145.000000       0.165745
      -140.000000       0.155167
      -135.000000       0.148743
      -130.000000       0.147186
      -125.000000       0.143466
      -120.000000       0.132170
      -115.000000       0.132766
      -110.000000       0.146470
      -105.000000       0.150806
      -100.000000       0.141516
       -95.000000       0.137489
       -90.000000       0.138865
       -85.000000       0.138711
       -80.000000       0.137338
       -75.000000       0.137845
       -70.000000       0.137476
       -65.000000       0.135961
       -60.000000       0.136423
       -55.000000       0.123401
       -50.000000       0.094856
       -45.000000       0.054133
       -40.000000      -0.005534
       -35.000000      -0.050211
       -30.000000      -0.075099
       -25.000000      -0.090451
       -20.000000      -0.069311
       -15.000000      -0.026451
       -10.000000       0.017257
        -5.000000       0.038141
         0.000000       0.030054
         5.000000       0.005382
        10.000000      -0.011881
        15.000000      -0.024749
        20.000000      -0.031216
        25.000000      -0.034453
        30.000000      -0.080319
        35.000000      -0.104458
        40.000000      -0.123458
        45.000000      -0.139474
        50.000000      -0.153904
        55.000000      -0.162471
        60.000000      -0.163839
        65.000000      -0.168442
        70.000000      -0.173418
        75.000000      -0.175124
        80.000000      -0.174713
        85.000000      -0.180119
        90.000000      -0.193668
        95.000000      -0.205740
       100.000000      -0.217502
       105.000000      -0.239890
       110.000000      -0.274376
       115.000000      -0.303305
       120.000000      -0.327182
       125.000000      -0.360047
       130.000000      -0.407111
       135.000000      -0.456234
       140.000000      -0.511246
       145.000000      -0.543156
       150.000000      -0.540476
       155.000000      -0.474379
       160.000000      -0.327357
       165.000000      -0.211083
       170.000000      -0.120469
       175.000000      -0.038890
       180.000000       0.011427
  
  
-.15
      -180.000000       0.004916
      -175.000000       0.086713
      -170.000000       0.186921
      -165.000000       0.275312
      -160.000000       0.274524
      -155.000000       0.273771
      -150.000000       0.233919
      -145.000000       0.202588
      -140.000000       0.192907
      -135.000000       0.187342
      -130.000000       0.186584
      -125.000000       0.189317
      -120.000000       0.178888
      -115.000000       0.174227
      -110.000000       0.188288
      -105.000000       0.200065
      -100.000000       0.191042
       -95.000000       0.184041
       -90.000000       0.185318
       -85.000000       0.185017
       -80.000000       0.183448
       -75.000000       0.181514
       -70.000000       0.180610
       -65.000000       0.174474
       -60.000000       0.174493
       -55.000000       0.166914
       -50.000000       0.138418
       -45.000000       0.105053
       -40.000000       0.045740
       -35.000000      -0.013106
       -30.000000      -0.038260
       -25.000000      -0.069337
       -20.000000      -0.067308
       -15.000000      -0.026155
       -10.000000       0.005626
        -5.000000       0.030000
         0.000000       0.018179
         5.000000      -0.011062
        10.000000      -0.041313
        15.000000      -0.061313
        20.000000      -0.073750
        25.000000      -0.077343
        30.000000      -0.119543
        35.000000      -0.145623
        40.000000      -0.164898
        45.000000      -0.181042
        50.000000      -0.195904
        55.000000      -0.208715
        60.000000      -0.210622
        65.000000      -0.214334
        70.000000      -0.219673
        75.000000      -0.221834
        80.000000      -0.221961
        85.000000      -0.222843
        90.000000      -0.236710
        95.000000      -0.248768
       100.000000      -0.260927
       105.000000      -0.275521
       110.000000      -0.309851
       115.000000      -0.338663
       120.000000      -0.362470
       125.000000      -0.385129
       130.000000      -0.431607
       135.000000      -0.473529
       140.000000      -0.528054
       145.000000      -0.571222
       150.000000      -0.567606
       155.000000      -0.539003
       160.000000      -0.392236
       165.000000      -0.252182
       170.000000      -0.160123
       175.000000      -0.047620
       180.000000       0.004916
  
  
.0
      -180.000000      -0.005435
      -175.000000       0.077654
      -170.000000       0.178309
      -165.000000       0.277595
      -160.000000       0.297878
      -155.000000       0.303138
      -150.000000       0.274296
      -145.000000       0.242114
      -140.000000       0.229760
      -135.000000       0.225017
      -130.000000       0.225039
      -125.000000       0.230436
      -120.000000       0.224761
      -115.000000       0.219006
      -110.000000       0.229901
      -105.000000       0.244351
      -100.000000       0.240331
       -95.000000       0.232573
       -90.000000       0.231987
       -85.000000       0.231540
       -80.000000       0.229776
       -75.000000       0.227028
       -70.000000       0.224665
       -65.000000       0.216600
       -60.000000       0.213353
       -55.000000       0.207169
       -50.000000       0.182182
       -45.000000       0.151293
       -40.000000       0.097190
       -35.000000       0.034041
       -30.000000      -0.000279
       -25.000000      -0.036649
       -20.000000      -0.046160
       -15.000000      -0.021971
       -10.000000      -0.002923
        -5.000000       0.021373
         0.000000       0.009489
         5.000000      -0.023461
        10.000000      -0.065931
        15.000000      -0.093764
        20.000000      -0.114151
        25.000000      -0.121917
        30.000000      -0.151655
        35.000000      -0.185590
        40.000000      -0.206480
        45.000000      -0.222756
        50.000000      -0.237739
        55.000000      -0.252156
        60.000000      -0.256974
        65.000000      -0.260825
        70.000000      -0.266016
        75.000000      -0.268475
        80.000000      -0.268987
        85.000000      -0.268724
        90.000000      -0.279754
        95.000000      -0.291942
       100.000000      -0.304144
       105.000000      -0.316536
       110.000000      -0.345925
       115.000000      -0.374552
       120.000000      -0.398209
       125.000000      -0.417499
       130.000000      -0.457064
       135.000000      -0.496202
       140.000000      -0.545812
       145.000000      -0.592568
       150.000000      -0.596416
       155.000000      -0.579346
       160.000000      -0.457019
       165.000000      -0.310003
       170.000000      -0.203326
       175.000000      -0.079680
       180.000000      -0.005435
  
  
.15
      -180.000000      -0.019576
      -175.000000       0.065485
      -170.000000       0.169462
      -165.000000       0.269354
      -160.000000       0.320201
      -155.000000       0.326387
      -150.000000       0.313488
      -145.000000       0.282243
      -140.000000       0.265759
      -135.000000       0.261790
      -130.000000       0.262563
      -125.000000       0.268667
      -120.000000       0.269838
      -115.000000       0.264785
      -110.000000       0.271324
      -105.000000       0.286053
      -100.000000       0.289396
       -95.000000       0.281829
       -90.000000       0.278872
       -85.000000       0.278284
       -80.000000       0.276324
       -75.000000       0.273329
       -70.000000       0.269667
       -65.000000       0.261000
       -60.000000       0.253044
       -55.000000       0.246311
       -50.000000       0.226233
       -45.000000       0.195180
       -40.000000       0.148945
       -35.000000       0.085850
       -30.000000       0.038924
       -25.000000       0.002139
       -20.000000      -0.022131
       -15.000000      -0.015961
       -10.000000      -0.003793
        -5.000000       0.014433
         0.000000       0.004887
         5.000000      -0.032747
        10.000000      -0.084690
        15.000000      -0.123540
        20.000000      -0.150375
        25.000000      -0.165842
        30.000000      -0.178734
        35.000000      -0.224444
        40.000000      -0.248286
        45.000000      -0.264625
        50.000000      -0.279489
        55.000000      -0.294121
        60.000000      -0.302966
        65.000000      -0.307144
        70.000000      -0.312530
        75.000000      -0.315134
        80.000000      -0.315873
        85.000000      -0.315919
        90.000000      -0.322860
        95.000000      -0.335197
       100.000000      -0.347212
       105.000000      -0.359825
       110.000000      -0.382630
       115.000000      -0.411012
       120.000000      -0.434444
       125.000000      -0.453540
       130.000000      -0.483483
       135.000000      -0.522024
       140.000000      -0.564555
       145.000000      -0.610743
       150.000000      -0.626932
       155.000000      -0.608903
       160.000000      -0.521796
       165.000000      -0.374814
       170.000000      -0.250163
       175.000000      -0.125012
       180.000000      -0.019576
  
  
.30
      -180.000000      -0.037438
      -175.000000       0.049507
      -170.000000       0.160467
      -165.000000       0.260801
      -160.000000       0.341552
      -155.000000       0.348565
      -150.000000       0.351534
      -145.000000       0.321171
      -140.000000       0.300940
      -135.000000       0.297691
      -130.000000       0.299176
      -125.000000       0.305966
      -120.000000       0.314170
      -115.000000       0.309736
      -110.000000       0.312574
      -105.000000       0.327562
      -100.000000       0.338250
       -95.000000       0.330860
       -90.000000       0.325976
       -85.000000       0.325252
       -80.000000       0.323099
       -75.000000       0.319856
       -70.000000       0.315634
       -65.000000       0.306327
       -60.000000       0.293606
       -55.000000       0.286251
       -50.000000       0.270657
       -45.000000       0.239282
       -40.000000       0.201134
       -35.000000       0.137852
       -30.000000       0.079417
       -25.000000       0.042074
       -20.000000       0.003658
       -15.000000      -0.009510
       -10.000000       0.004344
        -5.000000       0.010606
         0.000000       0.004727
         5.000000      -0.036878
        10.000000      -0.095790
        15.000000      -0.149295
        20.000000      -0.183527
        25.000000      -0.206244
        30.000000      -0.214483
        35.000000      -0.262897
        40.000000      -0.290396
        45.000000      -0.306652
        50.000000      -0.321234
        55.000000      -0.335937
        60.000000      -0.348672
        65.000000      -0.353049
        70.000000      -0.359300
        75.000000      -0.361895
        80.000000      -0.362707
        85.000000      -0.362908
        90.000000      -0.366086
        95.000000      -0.378468
       100.000000      -0.390190
       105.000000      -0.402922
       110.000000      -0.419994
       115.000000      -0.448078
       120.000000      -0.471218
       125.000000      -0.490042
       130.000000      -0.510863
       135.000000      -0.548809
       140.000000      -0.584316
       145.000000      -0.629871
       150.000000      -0.659167
       155.000000      -0.640138
       160.000000      -0.586658
       165.000000      -0.439541
       170.000000      -0.300696
       175.000000      -0.173879
       180.000000      -0.037438
  
  
.45
      -180.000000      -0.068701
      -175.000000       0.029759
      -170.000000       0.148034
      -165.000000       0.252024
      -160.000000       0.352446
      -155.000000       0.369724
      -150.000000       0.383473
      -145.000000       0.358929
      -140.000000       0.336689
      -135.000000       0.332749
      -130.000000       0.334900
      -125.000000       0.342348
      -120.000000       0.355573
      -115.000000       0.353905
      -110.000000       0.354800
      -105.000000       0.368891
      -100.000000       0.384531
       -95.000000       0.379678
       -90.000000       0.373788
       -85.000000       0.372446
       -80.000000       0.370103
       -75.000000       0.366614
       -70.000000       0.362334
       -65.000000       0.352607
       -60.000000       0.336449
       -55.000000       0.327031
       -50.000000       0.313979
       -45.000000       0.283685
       -40.000000       0.250925
       -35.000000       0.190175
       -30.000000       0.124533
       -25.000000       0.083236
       -20.000000       0.035511
       -15.000000       0.014357
       -10.000000       0.015293
        -5.000000       0.009848
         0.000000       0.005634
         5.000000      -0.037226
        10.000000      -0.100118
        15.000000      -0.168088
        20.000000      -0.213262
        25.000000      -0.244797
        30.000000      -0.258236
        35.000000      -0.297941
        40.000000      -0.331370
        45.000000      -0.348919
        50.000000      -0.363154
        55.000000      -0.377685
        60.000000      -0.392918
        65.000000      -0.398612
        70.000000      -0.405843
        75.000000      -0.408843
        80.000000      -0.409575
        85.000000      -0.409775
        90.000000      -0.410624
        95.000000      -0.421814
       100.000000      -0.433262
       105.000000      -0.445884
       110.000000      -0.459596
       115.000000      -0.485784
       120.000000      -0.508572
       125.000000      -0.527050
       130.000000      -0.541922
       135.000000      -0.576562
       140.000000      -0.607217
       145.000000      -0.649992
       150.000000      -0.688203
       155.000000      -0.673078
       160.000000      -0.640819
       165.000000      -0.504274
       170.000000      -0.357964
       175.000000      -0.226373
       180.000000      -0.068701
  
  
.60
      -180.000000      -0.123073
      -175.000000       0.006304
      -170.000000       0.126311
      -165.000000       0.243111
      -160.000000       0.343766
      -155.000000       0.389923
      -150.000000       0.404351
      -145.000000       0.395548
      -140.000000       0.374089
      -135.000000       0.367000
      -130.000000       0.369761
      -125.000000       0.377828
      -120.000000       0.391664
      -115.000000       0.397344
      -110.000000       0.398706
      -105.000000       0.410058
      -100.000000       0.425879
       -95.000000       0.428295
       -90.000000       0.422510
       -85.000000       0.419868
       -80.000000       0.417341
       -75.000000       0.413607
       -70.000000       0.409026
       -65.000000       0.399863
       -60.000000       0.382978
       -55.000000       0.368691
       -50.000000       0.354896
       -45.000000       0.328475
       -40.000000       0.295177
       -35.000000       0.242947
       -30.000000       0.176813
       -25.000000       0.125698
       -20.000000       0.077236
       -15.000000       0.042920
       -10.000000       0.031735
        -5.000000       0.014129
         0.000000       0.006065
         5.000000      -0.034245
        10.000000      -0.101149
        15.000000      -0.180288
        20.000000      -0.239001
        25.000000      -0.278450
        30.000000      -0.300901
        35.000000      -0.323805
        40.000000      -0.369210
        45.000000      -0.391504
        50.000000      -0.405440
        55.000000      -0.419443
        60.000000      -0.434533
        65.000000      -0.443904
        70.000000      -0.451132
        75.000000      -0.456062
        80.000000      -0.456561
        85.000000      -0.456606
        90.000000      -0.457381
        95.000000      -0.465294
       100.000000      -0.476615
       105.000000      -0.488771
       110.000000      -0.502431
       115.000000      -0.524160
       120.000000      -0.546545
       125.000000      -0.564609
       130.000000      -0.579073
       135.000000      -0.605280
       140.000000      -0.635309
       145.000000      -0.671138
       150.000000      -0.708614
       155.000000      -0.707742
       160.000000      -0.674423
       165.000000      -0.569105
       170.000000      -0.422443
       175.000000      -0.282565
       180.000000      -0.123073
  
  
.75
      -180.000000      -0.181083
      -175.000000      -0.020774
      -170.000000       0.100823
      -165.000000       0.234148
      -160.000000       0.334873
      -155.000000       0.409220
      -150.000000       0.424221
      -145.000000       0.431071
      -140.000000       0.410325
      -135.000000       0.400483
      -130.000000       0.403790
      -125.000000       0.412430
      -120.000000       0.426847
      -115.000000       0.440106
      -110.000000       0.441844
      -105.000000       0.451078
      -100.000000       0.467059
       -95.000000       0.476725
       -90.000000       0.471030
       -85.000000       0.467518
       -80.000000       0.464816
       -75.000000       0.460841
       -70.000000       0.455959
       -65.000000       0.448110
       -60.000000       0.430472
       -55.000000       0.411268
       -50.000000       0.396664
       -45.000000       0.373735
       -40.000000       0.339745
       -35.000000       0.296295
       -30.000000       0.229431
       -25.000000       0.169525
       -20.000000       0.120200
       -15.000000       0.073327
       -10.000000       0.046107
        -5.000000       0.029275
         0.000000       0.010043
         5.000000      -0.026120
        10.000000      -0.097835
        15.000000      -0.185919
        20.000000      -0.260670
        25.000000      -0.308152
        30.000000      -0.340464
        35.000000      -0.352318
        40.000000      -0.406786
        45.000000      -0.434489
        50.000000      -0.447981
        55.000000      -0.461292
        60.000000      -0.476094
        65.000000      -0.489003
        70.000000      -0.496093
        75.000000      -0.503635
        80.000000      -0.503751
        85.000000      -0.503487
        90.000000      -0.504033
        95.000000      -0.508969
       100.000000      -0.520058
       105.000000      -0.531642
       110.000000      -0.545144
       115.000000      -0.563232
       120.000000      -0.585169
       125.000000      -0.602760
       130.000000      -0.616744
       135.000000      -0.634959
       140.000000      -0.664376
       145.000000      -0.693339
       150.000000      -0.730028
       155.000000      -0.744139
       160.000000      -0.709741
       165.000000      -0.634126
       170.000000      -0.486939
       175.000000      -0.342503
       180.000000      -0.181083
  
  
.90
      -180.000000      -0.242809
      -175.000000      -0.051368
      -170.000000       0.071623
      -165.000000       0.225224
      -160.000000       0.325856
      -155.000000       0.427681
      -150.000000       0.443135
      -145.000000       0.465539
      -140.000000       0.445430
      -135.000000       0.433237
      -130.000000       0.437021
      -125.000000       0.446176
      -120.000000       0.461136
      -115.000000       0.482248
      -110.000000       0.484261
      -105.000000       0.491965
      -100.000000       0.508086
       -95.000000       0.524982
       -90.000000       0.519359
       -85.000000       0.515395
       -80.000000       0.512528
       -75.000000       0.508318
       -70.000000       0.503137
       -65.000000       0.497363
       -60.000000       0.478954
       -55.000000       0.454795
       -50.000000       0.439326
       -45.000000       0.419549
       -40.000000       0.384712
       -35.000000       0.350345
       -30.000000       0.282516
       -25.000000       0.214774
       -20.000000       0.164480
       -15.000000       0.105641
       -10.000000       0.071706
        -5.000000       0.046966
         0.000000       0.017087
         5.000000      -0.015386
        10.000000      -0.089864
        15.000000      -0.182592
        20.000000      -0.275847
        25.000000      -0.335905
        30.000000      -0.377224
        35.000000      -0.395514
        40.000000      -0.444218
        45.000000      -0.477949
        50.000000      -0.490858
        55.000000      -0.503313
        60.000000      -0.517681
        65.000000      -0.533984
        70.000000      -0.540798
        75.000000      -0.551642
        80.000000      -0.551228
        85.000000      -0.550502
        90.000000      -0.550665
        95.000000      -0.552895
       100.000000      -0.563650
       105.000000      -0.574558
       110.000000      -0.587797
       115.000000      -0.603022
       120.000000      -0.624477
       125.000000      -0.641543
       130.000000      -0.654979
       135.000000      -0.665588
       140.000000      -0.694420
       145.000000      -0.716619
       150.000000      -0.752479
       155.000000      -0.782270
       160.000000      -0.746793
       165.000000      -0.699430
       170.000000      -0.551543
       175.000000      -0.406215
       180.000000      -0.242809
  
  
1.05
      -180.000000      -0.308309
      -175.000000      -0.114693
      -170.000000       0.038789
      -165.000000       0.193923
      -160.000000       0.316801
      -155.000000       0.418486
      -150.000000       0.461156
      -145.000000       0.484003
      -140.000000       0.479442
      -135.000000       0.467881
      -130.000000       0.469489
      -125.000000       0.479096
      -120.000000       0.494552
      -115.000000       0.516187
      -110.000000       0.526013
      -105.000000       0.533956
      -100.000000       0.548977
       -95.000000       0.565957
       -90.000000       0.567510
       -85.000000       0.563568
       -80.000000       0.560479
       -75.000000       0.556042
       -70.000000       0.550566
       -65.000000       0.544435
       -60.000000       0.528443
       -55.000000       0.503426
       -50.000000       0.482919
       -45.000000       0.462197
       -40.000000       0.430164
       -35.000000       0.394888
       -30.000000       0.336196
       -25.000000       0.267413
       -20.000000       0.210141
       -15.000000       0.150230
       -10.000000       0.104737
        -5.000000       0.073267
         0.000000       0.027805
         5.000000      -0.007844
        10.000000      -0.078709
        15.000000      -0.175419
        20.000000      -0.281394
        25.000000      -0.357207
        30.000000      -0.408496
        35.000000      -0.436829
        40.000000      -0.469713
        45.000000      -0.514671
        50.000000      -0.534151
        55.000000      -0.545940
        60.000000      -0.559374
        65.000000      -0.575176
        70.000000      -0.585323
        75.000000      -0.595836
        80.000000      -0.599077
        85.000000      -0.597739
        90.000000      -0.597363
        95.000000      -0.599138
       100.000000      -0.607451
       105.000000      -0.617952
       110.000000      -0.630447
       115.000000      -0.645347
       120.000000      -0.664496
       125.000000      -0.680993
       130.000000      -0.693821
       135.000000      -0.703804
       140.000000      -0.725437
       145.000000      -0.746971
       150.000000      -0.775999
       155.000000      -0.804879
       160.000000      -0.785593
       165.000000      -0.737052
       170.000000      -0.616349
       175.000000      -0.470284
       180.000000      -0.308309
  
